1082,557
1082,556
1082,555
1082,554
1082,553
1082,552
1082,551
1082,550
1082,549
1082,548
1082,547
1082,546
1082,545
1082,544
1082,543
1082,542
1083,542
1084,542
1085,542
1086,542
1087,542
1088,542
1089,542
1090,542
1091,542
1092,542
1093,542
1094,542
1095,542
1096,542
1097,542
1098,542
1099,542
1100,542
1101,542
1102,542
1103,542
1104,542
1105,542
1106,542
1107,542
1108,542
1109,542
1110,542
1111,542
1112,542
1113,542
1114,542
1115,542
1116,542
1117,542
1118,542
1119,542
1120,542
1121,542
1122,542
1123,542
1124,542
1125,542
1126,542
1127,542
1128,542
1129,542
1130,542
1131,542
1132,542
1133,542
1134,542
1135,542
1136,542
1137,542
1138,542
1139,542
1140,542
1141,542
1142,542
1143,542
1144,542
1144,541
1145,541
1146,541
1147,541
1148,541
1149,541
1150,541
1151,541
1152,541
1152,540
1153,540
1154,540
1155,540
1156,540
1157,540
1157,539
1157,538
1158,538
1158,537
1158,536
1158,535
1158,534
1159,534
1159,533
1159,532
1159,531
1159,530
1159,529
1160,529
1160,528
1160,527
1160,526
1160,525
1161,525
1161,524
1161,523
1161,522
1161,521
1161,520
1162,520
1162,519
1162,518
1162,517
1162,516
1163,516
1163,515
1163,514
1163,513
1163,512
1163,511
1164,511
1164,510
1164,509
1164,508
1164,507
1165,507
1165,506
1165,505
1165,504
1165,503
1165,502
1166,502
1166,501
1166,500
1166,499
1166,498
1167,498
1167,497
1167,496
1167,495
1167,494
1168,494
1168,493
1168,492
1168,491
1168,490
1168,489
1169,489
1169,488
1169,487
1169,486
1169,485
1170,485
1170,484
1170,483
1170,482
1170,481
1170,480
1171,480
1171,479
1171,478
1171,477
1171,476
1172,476
1172,475
1172,474
1172,473
1172,472
1172,471
1173,471
1173,470
1173,469
1173,468
1173,467
1174,467
1174,466
1174,465
1174,464
1174,463
1174,462
1175,462
1175,461
1175,460
1175,459
1175,458
1176,458
1176,457
1176,456
1176,455
1176,454
1176,453
1177,453
1177,452
1177,451
1177,450
1177,449
1178,449
1178,448
1178,447
1178,446
1178,445
1178,444
1179,444
1179,443
1179,442
1179,441
1179,440
1180,440
1180,439
1180,438
1180,437
1180,436
1180,435
1181,435
1181,434
1181,433
1181,432
1181,431
1182,431
1182,430
1182,429
1182,428
1182,427
1182,426
1183,426
1183,425
1183,424
1183,423
1183,422
1184,422
1184,421
1184,420
1184,419
1184,418
1184,417
1185,417
1185,416
1185,415
1185,414
1185,413
1186,413
1186,412
1186,411
1186,410
1186,409
1186,408
1187,408
1187,407
1187,406
1187,405
1187,404
1188,404
1188,403
1188,402
1188,401
1188,400
1189,400
1189,399
1189,398
1189,397
1189,396
1189,395
1190,395
1190,394
1190,393
1190,392
1190,391
1191,391
1191,390
1191,389
1191,388
1191,387
1191,386
1192,386
1192,385
1192,384
1192,383
1192,382
1193,382
1193,381
1193,380
1193,379
1193,378
1193,377
1194,377
1194,376
1194,375
1194,374
1194,373
1195,373
1195,372
1195,371
1195,370
1195,369
1195,368
1196,368
1196,367
1196,366
1196,365
1196,364
1196,363
1196,362
1196,361
1196,360
1197,360
1198,360
1199,360
1200,360
1201,360
1202,360
1203,360
1204,360
1205,360
1206,360
1207,360
1208,360
1209,360
1210,360
1211,360
1212,360
1213,360
1214,360
1215,360
1216,360
1217,360
1218,360
1219,360
1220,360
1221,360
1222,360
1223,360
1224,360
1225,360
1226,360
1227,360
1228,360
1229,360
1230,360
1231,360
1232,360
1233,360
1234,360
1235,360
1236,360
1237,360
1238,360
1239,360
1240,360
1241,360
1242,360
1243,360
1244,360
1245,360
1246,360
1247,360
1248,360
1249,360
1250,360
1251,360
1252,360
1253,360
1254,360
1255,360
1256,360
1257,360
1258,360
1259,360
1260,360
1261,360
1262,360
1263,360
1264,360
1265,360
1266,360
1267,360
1268,360
1269,360
1270,360
1271,360
1272,360
1273,360
1274,360
1275,360
1276,360
1277,360
1278,360
1279,360
1280,360
1281,360
1282,360
1283,360
1284,360
1285,360
1286,360
1287,360
1288,360
1289,360
1290,360
1291,360
1292,360
1293,360
1294,360
1295,360
1296,360
1297,360
1298,360
1299,360
1300,360
1301,360
1302,360
1303,360
1303,361
1303,362
1303,363
1303,364
1303,365
1303,366
1303,367
1303,368
1303,369
1303,370
1303,371
1303,372
1303,373
1303,374
1303,375
1303,376
1303,377
1303,378
1303,379
1303,380
1303,381
1303,382
1303,383
1303,384
1303,385
1303,386
1303,387
1303,388
1303,389
1303,390
1303,391
1303,392
1303,393
1303,394
1303,395
1303,396
1303,397
1303,398
1303,399
1303,400
1303,401
1303,402
1303,403
1303,404
1303,405
1303,406
1303,407
1303,408
1303,409
1303,410
1303,411
1304,411
1304,412
1304,413
1304,414
1304,415
1304,416
1304,417
1304,418
1304,419
1304,420
1304,421
1304,422
1304,423
1304,424
1304,425
1304,426
1304,427
1304,428
1304,429
1304,430
1304,431
1304,432
1304,433
1304,434
1304,435
1304,436
1304,437
1304,438
1304,439
1304,440
1304,441
1304,442
1304,443
1304,444
1304,445
1304,446
1304,447
1304,448
1304,449
1304,450
1304,451
1304,452
1304,453
1304,454
1304,455
1304,456
1304,457
1304,458
1304,459
1304,460
1304,461
1304,462
1304,463
1304,464
1304,465
1304,466
1304,467
1304,468
1304,469
1304,470
1304,471
1305,471
1306,471
1307,471
1308,471
1309,471
1310,471
1311,471
1312,471
1313,471
1314,471
1315,471
1316,471
1317,471
1318,471
1319,471
1320,471
1321,471
1322,471
1323,471
1324,471
1325,471
1326,471
1327,471
1328,471
1329,471
1330,471
1331,471
1332,471
1333,471
1334,471
1335,471
1336,471
1337,471
1338,471
1339,471
1340,471
1341,471
1342,471
1343,471
1344,471
1345,471
1346,471
1347,471
1348,471
1349,471
1350,471
1351,471
1352,471
1353,471
1354,471
1355,471
1356,471
1357,471
1358,471
1359,471
1360,471
1361,471
1362,471
1363,471
1364,471
1365,471
1366,471
1367,471
1368,471
1369,471
1370,471
1371,471
1372,471
1373,471
1374,471
1375,471
1376,471
1377,471
1378,471
1379,471
1380,471
1381,471
1382,471
1383,471
1384,471
1385,471
1386,471
1387,471
1388,471
1389,471
1390,471
1391,471
1392,471
1393,471
1394,471
1395,471
1396,471
1397,471
1398,471
1399,471
1400,471
1401,471
1402,471
1403,471
1404,471
1405,471
1406,471
1407,471
1408,471
1409,471
1410,471
1411,471
1412,471
1413,471
1414,471
1415,471
1416,471
1417,471
1418,471
1419,471
1420,471
1421,471
1422,471
1423,471
1424,471
1425,471
1426,471
1427,471
1428,471
1429,471
1430,471
1431,471
1432,471
1433,471
1434,471
1435,471
1436,471
1437,471
1438,471
1439,471
1440,471
1441,471
1442,471
1443,471
1444,471
1445,471
1446,471
1447,471
1448,471
1449,471
1450,471
1451,471
1452,471
1453,471
1454,471
1455,471
1456,471
1457,471
1458,471
1459,471
1460,471
1461,471
1462,471
1463,471
1464,471
1465,471
1466,471
1467,471
1468,471
1469,471
1470,471
1471,471
1472,471
1473,471
1474,471
1475,471
1476,471
1477,471
1478,471
1479,471
1480,471
1481,471
1482,471
1483,471
1484,471
1485,471
1486,471
1487,471
1488,471
1489,471
1490,471
1491,471
1492,471
1493,471
1494,471
1495,471
1496,471
1497,471
1498,471
1499,471
1500,471
1501,471
1502,471
1503,471
1504,471
1505,471
1506,471
1507,471
1508,471
1509,471
1510,471
1511,471
1512,471
1513,471
1514,471
1515,471
1516,471
1517,471
1518,471
1519,471
1520,471
1521,471
1522,471
1522,472
1522,473
1522,474
1522,475
1522,476
1522,477
1522,478
1522,479
1522,480
1522,481
1522,482
1522,483
1522,484
1522,485
1522,486
1522,487
1522,488
1522,489
1522,490
1522,491
1522,492
1522,493
1522,494
1522,495
1522,496
1522,497
1522,498
1522,499
1522,500
1522,501
1522,502
1522,503
1522,504
1522,505
1522,506
1523,506
1523,507
1523,508
1523,509
1523,510
1523,511
1523,512
1523,513
1523,514
1523,515
1523,516
1523,517
1523,518
1523,519
1523,520
1523,521
1523,522
1523,523
1523,524
1523,525
1523,526
1523,527
1523,528
1523,529
1523,530
1523,531
1523,532
1523,533
1523,534
1523,535
1523,536
1523,537
1523,538
1523,539
1523,540
1524,540
1524,541
1524,542
1524,543
1524,544
1524,545
1524,546
1524,547
1524,548
1524,549
1524,550
1524,551
1524,552
1524,553
1524,554
1524,555
1524,556
1524,557
1524,558
1524,559
1524,560
1524,561
1524,562
1524,563
1524,564
1524,565
1524,566
1524,567
1524,568
1524,569
1524,570
1524,571
1524,572
1524,573
1524,574
1525,574
1525,575
1525,576
1525,577
1525,578
1525,579
1525,580
1525,581
1525,582
1525,583
1525,584
1525,585
1525,586
1525,587
1525,588
1525,589
1525,590
1525,591
1525,592
1525,593
1525,594
1525,595
1525,596
1525,597
1526,597
1527,597
1528,597
1528,598
1529,598
1530,598
1531,598
1532,598
1533,598
1534,598
1534,599
1535,599
1536,599
1537,599
1537,600
1538,600
1539,600
1540,600
1540,601
1541,601
1541,602
1542,602
1543,602
1543,603
1544,603
1545,603
1545,604
1546,604
1546,605
1547,605
1547,606
1548,606
1548,607
1549,607
1549,608
1550,608
1550,609
1551,609
1551,610
1552,610
1552,611
1553,611
1553,612
1553,613
1554,613
1554,614
1554,615
1555,615
1555,616
1555,617
1556,617
1556,618
1556,619
1557,619
1557,620
1557,621
1557,622
1558,622
1558,623
1558,624
1558,625
1558,626
1558,627
1558,628
1558,629
1559,629
1559,630
1559,631
1559,632
1560,632
1561,632
1562,632
1563,632
1564,632
1565,632
1566,632
1567,632
1568,632
1569,632
1570,632
1571,632
1572,632
1573,632
1574,632
1575,632
1576,632
1577,632
1577,631
1578,631
1579,631
1580,631
1581,631
1582,631
1583,631
1584,631
1585,631
1586,631
1587,631
1588,631
1589,631
1590,631
1591,631
1592,631
1593,631
1594,631
1595,631
1596,631
1597,631
1598,631
1599,631
1599,630
1600,630
1601,630
1602,630
1603,630
1604,630
1605,630
1606,630
1607,630
1608,630
1609,630
1610,630
1611,630
1612,630
1613,630
1614,630
1615,630
1616,630
1617,630
1618,630
1619,630
1620,630
1621,630
1621,629
1622,629
1623,629
1624,629
1625,629
1626,629
1627,629
1628,629
1629,629
1630,629
1631,629
1632,629
1633,629
1634,629
1635,629
1636,629
1637,629
1638,629
1639,629
1640,629
1641,629
1642,629
1643,629
1644,629
1644,628
1645,628
1646,628
1647,628
1648,628
1649,628
1650,628
1651,628
1652,628
1653,628
1654,628
1655,628
1656,628
1657,628
1658,628
1659,628
1660,628
1661,628
1662,628
1663,628
1664,628
1665,628
1666,628
1666,627
1667,627
1668,627
1669,627
1670,627
1671,627
1672,627
1673,627
1674,627
1675,627
1676,627
1677,627
1678,627
1679,627
1680,627
1681,627
1682,627
1683,627
1684,627
1685,627
1686,627
1687,627
1688,627
1688,626
1689,626
1690,626
1691,626
1692,626
1693,626
1694,626
1695,626
1696,626
1697,626
1698,626
1699,626
1700,626
1701,626
1702,626
1703,626
1704,626
1705,626
1706,626
1707,626
1708,626
1709,626
1710,626
1710,625
1711,625
1712,625
1713,625
1714,625
1715,625
1716,625
1717,625
1718,625
1719,625
1720,625
1721,625
1722,625
1723,625
1724,625
1725,625
1726,625
1727,625
1728,625
1729,625
1730,625
1731,625
1732,625
1732,624
1733,624
1734,624
1735,624
1736,624
1737,624
1738,624
1739,624
1740,624
1741,624
1742,624
1743,624
1744,624
1745,624
1746,624
1747,624
1748,624
1749,624
1750,624
1751,624
1752,624
1753,624
1754,624
1755,624
1755,623
1756,623
1757,623
1758,623
1759,623
1760,623
1761,623
1762,623
1763,623
1764,623
1765,623
1766,623
1767,623
1768,623
1769,623
1770,623
1771,623
1772,623
1773,623
1774,623
1775,623
1776,623
1777,623
1777,622
1778,622
1779,622
1780,622
1781,622
1782,622
1783,622
1784,622
1785,622
1786,622
1787,622
1788,622
1789,622
1790,622
1791,622
1792,622
1793,622
1794,622
1795,622
1796,622
1797,622
1798,622
1798,621
1798,620
1798,619
1798,618
1798,617
1798,616
1798,615
1798,614
1798,613
1798,612
1798,611
1798,610
1798,609
1798,608
1798,607
1798,606
1798,605
1798,604
1798,603
1798,602
1798,601
1798,600
1798,599
1798,598
1798,597
1798,596
1798,595
1798,594
1798,593
1798,592
1798,591
1798,590
1798,589
1798,588
1798,587
1798,586
1798,585
1798,584
1798,583
1798,582
1798,581
1798,580
1798,579
1798,578
1798,577
1798,576
1798,575
1798,574
1798,573
1798,572
1798,571
1798,570
1798,569
1798,568
1798,567
1798,566
1798,565
1798,564
1798,563
1798,562
1798,561
1798,560
1798,559
1798,558
1798,557
1798,556
1798,555
1798,554
1798,553
1798,552
1798,551
1798,550
1798,549
1798,548
1798,547
1798,546
1798,545
1798,544
1798,543
1798,542
1798,541
1798,540
1798,539
1798,538
1798,537
1798,536
1798,535
1798,534
1798,533
1798,532
1798,531
1798,530
1798,529
1798,528
1798,527
1798,526
1798,525
1798,524
1798,523
1798,522
1798,521
1798,520
1798,519
1798,518
1798,517
1798,516
1798,515
1798,514
1798,513
1798,512
1798,511
1798,510
1798,509
1798,508
1798,507
1798,506
1798,505
1798,504
1798,503
1798,502
1798,501
1798,500
1798,499
1798,498
1798,497
1798,496
1798,495
1798,494
1798,493
1798,492
1798,491
1798,490
1798,489
1798,488
1798,487
1798,486
1798,485
1798,484
1798,483
1798,482
1798,481
1798,480
1798,479
1798,478
1798,477
1798,476
1798,475
1798,474
1798,473
1798,472
1798,471
1798,470
1798,469
1798,468
1798,467
1798,466
1798,465
1798,464
1798,463
1798,462
1798,461
1798,460
1798,459
1798,458
1798,457
1798,456
1798,455
1798,454
1798,453
1798,452
1798,451
1798,450
1798,449
1798,448
1798,447
1798,446
1798,445
1798,444
1798,443
1798,442
1798,441
1798,440
1798,439
1798,438
1798,437
1798,436
1798,435
1798,434
1798,433
1798,432
1798,431
1798,430
1798,429
1799,429
1800,429
1801,429
